   Nj1-HT1     1.000   0.071       1.000   0.067
   Nj2-HT1     1.000   0.120       1.000   0.095
   Nj3-HT1     1.000   0.607       1.000   0.251
   Nj4-HT1     1.000   0.578       1.000   0.568
   Nj1-HT2     1.000   0.068       1.000   0.066
   Nj2-HT2     1.000   0.096       1.000   0.092
   Nj3-HT2     1.000   0.198       1.000   0.178
   Nj4-HT2     1.000   0.467       1.000   0.414
   Nj1-HT3     1.000   0.145       1.000   0.142
   Nj2-HT3     1.000   0.150       1.000   0.146
   Nj3-HT3     1.000   0.185       1.000   0.186
   Nj4-HT3     1.000   0.403       1.000   0.352
