   Nj1-HT1     0.345   0.138        0.738   0.060
   Nj2-HT1     0.345   0.138        0.638   0.069
   Nj3-HT1     0.339   0.201        0.522   0.086
   Nj4-HT1     0.641   0.357        0.487   0.165
   Nj5-HT1     0.000   0.000        0.000   0.000
   Nj1-HT2     0.356   0.116        0.597   0.107
   Nj2-HT2     0.356   0.116        0.597   0.107
   Nj3-HT2     0.364   0.106        0.477   0.090
   Nj4-HT2     0.367   0.118        0.448   0.092
   Nj5-HT2     0.497   0.161        0.506   0.159
   Nj1-HT3     0.400   0.106        0.633   0.116
   Nj2-HT3     0.400   0.106        0.633   0.116
   Nj3-HT3     0.416   0.093        0.550   0.101
   Nj4-HT3     0.417   0.123        0.496   0.123
   Nj5-HT3     0.451   0.139        0.538   0.157
