   Nj1-HT1     0.762   0.146        1.3     0.095
   Nj2-HT1     0.762   0.146        1.138   0.105
   Nj3-HT1     0.581   0.161        0.790   0.124
   Nj4-HT1     0.748   0.410        0.676   0.177
   Nj5-HT1     0.500   0.500        0.500   0.500
   Nj1-HT2     0.704   0.147        0.962   0.103
   Nj2-HT2     0.704   0.147        0.962   0.103
   Nj3-HT2     0.673   0.149        0.764   0.125
   Nj4-HT2     0.539   0.158        0.682   0.141
   Nj5-HT2     0.402   0.192        0.637   0.167
   Nj1-HT3     0.671   0.141        0.922   0.112
   Nj2-HT3     0.671   0.141        0.922   0.112
   Nj3-HT3     0.603   0.137        0.799   0.118
   Nj4-HT3     0.576   0.158        0.600   0.147
   Nj5-HT3     0.621   0.180        0.510   0.205
